904.7381361124217
683.4676432744345
419.71610639723576
184.6175189386554
124.53913210174564
96.12488648560196
68.23808291949385
49.184458692634955
33.44824659589989
21.65201998953627
14.328418096917693
8.966930774796179
5.713326776523817
4.580495089496767
4.5193521665510445
4.384199090966918
4.345516146989772
4.325499311683008
4.274085162754889
4.134490115355737
3.799013196585019
3.1873070702437967
2.408110292713115
1.672730755069952
1.0932667539288439
0.6809463044291011
0.4500621382915914
0.445250954430414
0.4378458968531926
0.4210193536527674
0.3830166257191876
0.3821609507355494
0.3819361791726558
0.38176216810117897
0.37633189116106297
0.36165827743631523
0.32792734653449485
0.32774513718834736
0.3277236135748718
0.32769739713369994
0.3276188347229668
0.32738366181719275
0.32668207918536996
0.3246109441147677
0.31868233024926695
0.30307462242178584
0.26929842262553033
0.2681198302761242
0.26772313911530443
0.26750014191676735
0.26688485507675286
0.26621046692456024
0.26588505656396855
0.2515811915959866
0.24608552005970868
0.2458805432848409
0.24586747167184425
0.24585962194308347
0.24585711502957827
0.2458518843027051
0.245838738940309
0.24583367599022682
0.24581847189193887
0.24577355961409172
0.24563848003109548
0.24523422325215452
0.24403505980435022
0.24056427415028078
0.23116756106870348
0.2095399644236228
0.20941592608395762
0.2066336481927539
0.19905398574062902
0.18136850195462698
0.18134744204220052
0.1813343577599231
0.18132010434126966
0.1812790312930972
0.18115563609049795
0.18078635730956957
0.1796938417092096
0.17655768516746323
0.16825294457561424
0.150514661264995
0.1502816698993738
0.15009533174257142
0.15004363237611412
0.15003642884282947
0.15001892649124873
0.1499717412694156
0.14983059433655188
0.14940830667143412
0.14816679002816435
0.14466027953085378
0.13575283517452716
0.11778369170691304
0.11768013524521131
0.11738724389628087
0.1165386855190643
0.11653265003865494
0.11652767678203198
0.11652053123981694
0.11651844365536608
0.11651221405838212
0.11649339234862417
0.11643675858311908
0.11626698543266097
0.1157623559806403
0.11429510451890862
0.11027773257405232
0.10079989517123422
0.08402720779228381
0.08392608584087789
0.0838869349761282
0.0837833855865057
0.08347993820813017
0.08259508028516391
0.08013638056728455
0.07413496792347196
0.06300845929271238
0.06290353641737785
0.06286147624661272
0.06279262024351044
0.06276344092065339
0.06274621579230351
0.06251751246128522
0.0618516750819204
0.06000290649362289
0.05549747090635281
0.04707251054396144
0.04689375356332514
0.04684136737746897
0.04681185267028458
0.04566258685843536
0.04276685002784865
0.041758364100434764
0.0315204848747675
0.03145682814096605
0.03128614192259202
0.030793741769016943
0.029474285951961762
0.026513641887080358
0.021664892783893237
0.016129215371018343
0.014712082628906444
0.01454370152468208
0.014537755576474432
0.014537535492620544
0.014537070239012803
0.014535643686129793
0.014531379857156733
0.0145186169473056
0.014480590400860204
0.014477631530268428
0.014459468274868187
0.014373686570318404
0.014210530308378912
0.01420762683154865
0.013863690347727862
0.013429627489221318
0.013429505591957784
0.013415538247983548
0.013412028850476496
0.013411708253199182
0.013390087757595549
0.013381418486959182
0.013309638735104158
0.01321199494736035
0.012967787747963
0.012933386939733043
0.012907179018393384
0.012296811888000352
0.012296552393825044
0.012296203431826769
0.012296031408151917
0.012295545097656384
0.012294091039245567
0.012293261618520722
0.012287412917262961
0.012276521543792752
0.012241934182875499
0.01220658338219947
0.01220630373223799
0.012204544129628807
0.012182366261618694
0.011794152049021527
0.011793955485217934
0.011793954736247619
0.011793954736247619
0.011793929131454958
0.01179380261437698
0.011793795024759357
0.011793793159243079
0.011793792356067577
0.011793792356067577
0.011793786063122931
0.011793996328475007
0.011794214814804256
0.012118913745396665
0.011793996328475007
0.011793832629208691
0.011793827738288647
0.011793806792786535
0.011793806792786535
0.011793805371920481
0.011793804279348745
0.01179380392722418
0.011793759169687968
0.011793758505414443
0.011793743162144252
0.011803081399183004
0.011793741698368262
0.01179242394960407
0.011787908902367243
0.011787538864230685
0.011787361951224732
0.011787299067229036
0.011763275415344925
0.011763251179070566
0.01176297542838861
0.011762917583951767
0.011762746375501924
0.011762734847750136
0.011762731070519412
0.011762729786541467
0.011762729786541467
0.011762729786541467
0.011762729786541467
0.011887762946474735
0.011762729786541467
0.011762729786541467
0.011762729786541467
0.011762729781554395
0.011762729778605405
0.011762729778605405
0.011762729778605405
0.011762729778605405
0.011762729778605405
0.011762511116979896
0.011762505407953986
0.011762505407953986
0.011762505407953986
0.011762505407953986
0.011762505407953986
0.011762505407953986
0.011762501664935403
0.011762501664935403
0.011762501664935403
0.011762501664935403
0.011823395235849042
0.011823395235849042
0.0117746134014528
0.011773993863208095
0.011773990682023758
0.011773990682023758
0.011773990682023758
0.011773990682023758
0.011773990682023758
0.011773990682023758
0.011773990682023758
0.011773990682023758
0.011773990682023758
0.011773990519207193
0.011773990515041292
0.011773990515041292
0.011773990515041292
0.011773990515041292
0.011773990515041292
0.011773990515041292
0.011773990515041292
0.011773990515041292
0.012027712564745897
0.011863229373402109
0.012027712564745897
0.011848725522998408
0.011775092557697016
0.01177422569547465
0.011774096894755287
0.011773993641326544
0.011773991941050069
0.011773991135002698
0.011773990744489787
0.011773990744489787
0.011773990744489787
0.012992737605221513
0.012992737605221513
0.01203924173520305
0.012034126241085923
0.011852261214208792
0.011848321245763706
0.011848321245763706
0.011848321245763706
0.011848321245763706
0.011848321245763706
0.011848321245763706
0.011848321245763706
0.011848321245763706
0.011848321245763706
0.011848321245763706
0.011848321245763706
0.011848321245763706
0.011848321245763706
0.011848321245763706
0.011848321245763706
0.011848321245763706
0.011848321245763706
0.011848321245763706
0.011848321245763706
0.011848321245763706
0.011848321245763706
0.011848321245763706
0.011845074475196341
0.011814063811093262
0.01175092170603864
0.01159035284281529
0.011582533884427409
0.011582507056791536
0.011582507056791536
0.011582472098613194
0.011582463226173102
0.011582463226173102
0.011582463226173102
0.011582463226173102
0.011582462221348504
0.01175092922998186
0.011586955309397252
0.0117576188510733
0.011582460280811235
0.011582460278315419
0.011582460278315419
0.011582460278315419
0.011582460278315419
0.011582460278315419
0.011582460278315419
0.011582460278315419
0.011582460278315419
0.011582460278315419
0.011750976390156204
0.011753047239659791
0.012718787303659659
0.011582460278315419
0.011582460278315419
0.011582460278315419
0.011582460278315419
0.011582460278315419
0.011582460278315419
0.011582460278315419
0.011582460278315419
0.011582460278315419
0.011582460278315419
0.011750972942190943
0.011750972942190943
0.011750938675429019
0.01158627467255196
0.011582489629839305
0.011582489629839305
0.011582489629839305
0.011582471511247628
0.011582460211632626
0.011582460182899415
0.011582460105269981
0.011582460105269981
0.011582460105269981
0.011582460105269981
0.011582460105269981
0.011751620412763609
0.011582691989067005
0.011583489346428867
0.011582460105269981
0.011582460105269981
0.011582460105269981
0.011582460105269981
0.011582460105269981
0.011582460105269981
0.011582460105269981
0.011582460105269981
0.011582460105269981
0.011582460105269981
0.011751845478098292
0.011582863311117938
0.011582495722825934
0.011582460105269981
0.011582460105269981
0.011582460105269981
0.011582460105269981
0.011582460105269981
0.011582460105269981
0.011582460105269981
0.011582460105269981
0.011582460105269981
0.011582460105269981
0.011752210734477948
0.011752841703590935
0.0115830490001079
0.011582460105269981
0.011582460105269981
0.011582460105269981
0.011582460105269981
0.011582460105269981
0.011582460105269981
0.011582460105269981
0.011582460105269981
0.011582460105269981
0.011582460105269981
0.01175280299003503
0.01158247411327434
0.011582536569276485
0.011582460105269981
0.011582460105269981
0.011582460105269981
0.011582460105269981
0.011582460105269981
0.011582460105269981
0.011582460105269981
0.011582460105269981
0.011582460105269981
0.011582460105269981
0.011753769750301015
0.011582547628808112
0.011583058446306806
0.011582460105269981
0.011582460105269981
0.011582460105269981
0.011582460105269981
0.011582460105269981
0.011582460105269981
0.011582460105269981
0.011582460105269981
0.011582460105269981
0.011582460105269981
0.0132285818146071
0.0132285818146071
0.01175091551942633
0.011583429979777368
0.011582635009559063
0.011582534301833241
0.011582509646457021
0.011582462145937743
0.011582460175993646
0.011582460175993646
0.011582460175993646
0.011582460175993646
0.011582460175993646
0.011582460175993646
0.011582460175993646
0.011582460175993646
0.011582460175993646
0.011582460175993646
0.011582460175993646
0.011582460175993653
0.011582460175700702
0.01158246017570072
0.011582460175700745
0.011582104906982374
0.011581631687707704
0.011576908531755978
0.011576655614095835
0.01157634040486196
0.011576340404857482
0.011576224105999015
0.011496913866079886
0.01149584874524159
0.011337886120022858
0.011335973211680504
0.011335968830185306
0.011335968829927077
0.011335968829927077
0.011335968829927077
0.011335968829927077
0.011335968829927077
0.011335968829927077
0.011335968829927077
0.011335968829927077
0.011335968829927077
0.011497610985127762
0.011337814998813863
0.011335968829927077
0.011335968829927077
0.011335968829927077
0.011335968829927077
0.011335968829927077
0.011335968829927077
0.011335968829927077
0.011335968829927077
0.011335968829927077
0.011335968829927077
0.01149595380904961
0.011340164822013731
0.011335968829927077
0.011335968829927077
0.011335968829927077
0.011335968829927077
0.011335968829927077
0.011335968829927077
0.011335968829927077
0.011335968829927077
0.011335968829927077
0.011335968829927077
0.011495761480021854
0.011336090434537783
0.011335968829927077
0.011335968829927077
0.011335968829927077
0.011335968829927077
0.011335968829927077
0.011335968829927077
0.011335968829927077
0.011335968829927077
0.011335968829927077
0.011335968829927077
0.01149744620851652
0.011336915488526845
0.011335968829927077
0.011335968829927077
0.011335968829927077
0.011335968829927077
0.011335968829927077
0.011335968829927077
0.011335968829927077
0.011335968829927077
0.011335968829927077
0.011335968829927077
0.011496277657689218
0.01248112225801751
0.011335968829927077
0.011335968829927077
0.011335968829927077
0.011335968829927077
0.011335968829927077
0.011335968829927077
0.011335968829927077
0.011335968829927077
0.011335968829927077
0.011335968829927077
0.011495860115772583
0.01133659351371043
0.011335968829927077
0.011335968829927077
0.011335968829927077
0.011335968829927077
0.011335968829927077
0.011335968829927077
0.011335968829927077
0.011335968829927077
0.011335968829927077
0.011335968829927077
0.011497294654756515
0.012485060885255151
0.011335968829927077
0.011335968829927077
0.011335968829927077
0.011335968829927077
0.011335968829927077
0.011335968829927077
0.011335968829927077
0.011335968829927077
0.011335968829927077
0.011335968829927077
0.011496692418782399
0.011336057861973003
0.011335968829927077
0.011335968829927077
0.011335968829927077
0.011335968829927077
0.011335968829927077
0.011335968829927077
0.011335968829927077
0.011335968829927077
0.011335968829927077
0.011335968829927077
0.011495980142970664
0.011336186763242068
0.011335968829927077
0.011335968829927077
0.011335968829927077
0.011335968829927077
0.011335968829927077
0.011335968829927077
0.011335968829927077
0.011335968829927077
0.011335968829927077
0.011335968829927077
0.011497155287984827
0.011335968825676243
0.01133596879270103
0.01133596879270103
0.01133596879270103
0.01133596879270103
0.01133596879270103
0.01133596879270103
0.01133596879270103
0.01133596879270103
0.01133596879270103
0.01133596879270103
0.01133596879270103
0.01133596879270103
0.01133596879270103
0.01133596879270103
0.01133596879270103
0.01133596879270103
0.01133596879270103
0.01133596879270103
0.01133596879270103
0.011335968792701026
0.011335968792701023
0.011335352893766786
0.011335211542641933
0.011334182763227993
0.011333702938528853
0.01133223964907064
0.011331610401786379
0.011330144515013052
0.011326454331321288
0.01132614857243449
0.011321448005579826
0.011320701979234057
0.011320647181855246
0.01132064657659177
0.011320646576352135
0.011320646576218504
0.01132064657601801
0.011320646576008135
0.011320646576003358
0.011320646575988396
0.011320646575984689
0.011320646464375902
0.011320646464331416
0.011320646464331428
0.011320637305682167
0.011320567239865178
0.011320554170844365
0.01132054556291446
0.011320542870530121
0.011320542327578549
0.011320542256557055
0.011320542255627676
0.01132054225560711
0.011320542255552318
0.011320542255537172
0.01132054225545607
0.011320542255449284
0.011320542255446629
0.011320542255446157
0.01132054225544612
0.011320542255446105
0.011320542255446105
0.011320542255446105
0.011320542255446105
0.011320542255446105
0.011320542255446105
0.011320542255446105
0.011320542255446101
0.011320542255446101
0.011320542255446101
0.011320542255446101
0.011320542255446101
0.011320542255446101
0.011320542255446098
0.011320542255446098
0.011320542255446098
0.011320542255446098
0.011320542255446098
0.011320542255446098
0.011320542255446098
0.011320542255446098
0.011320542255446098
0.011320542255446098
0.011320542255446098
0.011320542255446098
0.011320542255446098
0.011320542255446098
0.011320542255446098
0.011320542255446094
0.011320542255446094
0.01132054225544609
0.01132054225544609
0.01132054225544609
0.01132054225544609
0.01132054225544609
0.01132054225544609
0.01132054225544609
0.01132054225544609
0.01132054225544609
0.01132054225544609
0.01132054225544609
0.01132054225544609
0.01132054225544609
0.01132054225544609
0.01132054225544609
0.01132054225544609
0.01132054225544609
0.011320542255446087
0.011320542255446087
0.011320542255446087
0.011320542255446087
0.011320542255446087
0.011320542255446084
0.011320542255446084
0.011320542255446084
0.011320542255446084
0.011320542255446084
0.011320542255446084
0.011320542255446084
0.01132054225544608
0.01132054225544608
0.01132054225544608
0.01132054225544608
0.01132054225544608
0.01132054225544608
0.01132054225544608
0.011320542255446077
0.011320542255446077
0.011320542255446077
0.01132054225544608
0.011320542255446096
0.011320542255446096
0.011320542255446096
0.011320542255446096
0.011320542255446096
0.011320542255446096
0.011320542255446096
0.011320542255446093
0.011320542255446093
0.011320542255446093
0.011320542255446093
0.011320542255446093
0.011320542255446093
0.011320542255446093
0.011320542255446093
0.011320542255446093
0.011320542255446093
0.011320542255446093
0.011320542255446093
0.011320542255446093
0.011320542255446093
0.011320542255446093
0.011320542255446093
0.011320542255446093
0.011320542255446089
0.011320542255446089
0.011320542255446089
0.011320542255446089
0.011320542255446089
0.011320542255446089
0.011320542255446086
0.011320542255446086
0.011320542255446086
0.011320542255446086
0.011320542255446086
0.011320542255446086
0.011320542255446086
0.011320542255446086
0.011320542255446086
0.011320542255446082
0.011320542255446082
0.011320542255446082
0.011320542255446082
0.011320542255446079
0.011320542255446079
0.011320542255446079
0.011320542255446079
0.011320542255446079
0.011320542255446079
0.011320542255446079
0.011320542255446079
0.011320542255446079
0.011320542255446075
0.011320542255446075
0.011320542255446075
0.011320542255446075
0.011320542255446075
0.011320542255446075
0.011320542255446075
0.011320542255446075
0.011320542255446072
0.011320542255446072
0.011320542255446072
0.011320542255446072
0.011320542255446072
0.011320542255446072
0.011320542255446072
0.011320542255446072
0.011320542255446072
0.011320542255446072
0.011320542255446072
0.011320542255446072
0.011320542255446072
0.011320542255446072
0.011320542255446072
0.011320542255446068
0.011320542255446068
0.011320542255446065
0.011320542255446065
0.011320542255446065
0.011320542255446065
0.011320542255446065
0.011320542255446065
0.011320542255446065
0.011320542255446065
0.011320542255446065
0.011320542255446065
0.011320542255446065
0.011320542255446065
0.011320542255446065
0.011320542255446065
0.011320542255446065
0.011320542255446061
0.011320542255446061
0.011320542255446061
0.011320542255446061
0.011320542255446061
0.011320542255446061
0.011320542255446058
0.011320542255446058
0.011320542255446058
0.011320542255446058
0.011320542255446054
0.011320542255446054
0.011320542255446054
0.011320542255446054
0.011320542255446054
0.011320542255446054
0.011320542255446054
0.011320542255446054
0.011320542255446054
0.011320542255446054
0.011320542255446054
0.011320542255446054
0.011320542255446054
0.011320542255446051
0.011320542255446051
0.011320542255446051
0.011320542255446051
0.011320542255446051
0.011320542255446051
0.011320542255446047
0.011320542255446047
0.011320542255446047
0.011320542255446047
0.011320542255446047
0.011320542255446047
0.011320542255446047
0.011320542255446047
0.011320542255446047
0.011320542255446044
0.011320542255446044
0.011320542255446044
0.011320542255446044
0.011320542255446044
0.011320542255446044
0.011320542255446044
0.011320542255446044
0.01132054225544604
0.01132054225544604
0.01132054225544604
0.01132054225544604
0.01132054225544604
0.01132054225544604
0.01132054225544604
0.01132054225544604
0.01132054225544604
0.01132054225544604
0.01132054225544604
0.011320542255446037
0.011320542255446037
0.011320542255446037
0.011320542255446037
0.011320542255446037
0.011320542255446037
0.011320542255446034
0.011320542255446034
0.011320542255446034
0.011320542255446034
0.011320542255446034
0.011320542255446034
0.011320542255446034
0.011320542255446034
0.011320542255446034
0.01132054225544603
0.01132054225544603
0.01132054225544603
0.01132054225544603
0.01132054225544603
0.01132054225544603
0.011320542255446027
0.01132054225544603
0.01132054225544603
0.01132054225544603
0.011320542255446027
0.011320542255446027
0.011320542255446027
0.011320542255446027
0.011320542255446027
0.011320542255446027
0.011320542255446027
0.011320542255446027
0.011320542255446027
0.011320542255446023
0.011320542255446023
0.011320542255446023
0.011320542255446023
0.01132054225544602
0.01132054225544602
0.01132054225544602
0.01132054225544602
0.01132054225544602
0.01132054225544602
0.01132054225544602
0.01132054225544602
0.01132054225544602
0.01132054225544602
0.01132054225544602
0.01132054225544602
0.01132054225544602
0.011320542255446016
0.011320542255446016
0.011320542255446016
0.011320542255446016
0.011320542255446016
0.011320542255446016
0.011320542255446013
0.011320542255446013
0.011320542255446013
0.011320542255446013
0.011320542255446013
0.011320542255446013
0.011320542255446013
0.011320542255446013
0.011320542255446013
0.011320542255446013
0.011320542255446013
0.01132054225544601
0.01132054225544601
0.01132054225544601
0.01132054225544601
0.011320542255446006
0.011320542255446006
0.011320542255446006
0.011320542255446006
0.011320542255446006
0.011320542255446006
0.011320542255446006
0.011320542255446006
0.011320542255446006
0.011320542255446006
0.011320542255446006
0.011320542255446006
0.011320542255446006
0.011320542255446002
0.011320542255446002
0.011320542255446006
0.011320542255446006
0.011320542255446002
0.011320542255446002
0.011320542255446002
0.011320542255446002
0.011320542255445999
0.011320542255445999
0.011320542255445999
0.011320542255445999
0.011320542255445999
0.011320542255445999
0.011320542255445999
0.011320542255445999
0.011320542255445999
0.011320542255445999
0.011320542255445999
0.011320542255445995
0.011320542255445995
0.011320542255445992
0.011320542255445992
0.011320542255445992
0.011320542255445992
0.011320542255445992
0.011320542255445992
0.011320542255445992
0.011320542255445992
0.011320542255445992
0.011320542255445992
0.011320542255445992
0.011320542255445992
0.011320542255445992
0.011320542255445992
0.011320542255445992
0.011320542255445988
0.011320542255445988
0.011320542255446013
0.011320542255446013
0.011320542255446013
0.011320542255446013
0.011320542255446013
0.011320542255446013
0.011320542255446013
0.011320542255446013
0.01132054225544601
0.01132054225544601
0.01132054225544601
0.01132054225544601
0.01132054225544601
0.01132054225544601
0.01132054225544601
0.01132054225544601
0.01132054225544601
0.01132054225544601
0.01132054225544601
0.011320542255446006
0.011320542255446006
0.011320542255446006
0.011320542255446006
0.011320542255446006
0.011320542255446006
0.011320542255446002
0.011320542255446002
0.011320542255446002
0.011320542255446002
0.011320542255446002
0.011320542255446002
0.011320542255446002
0.011320542255446002
0.011320542255446002
0.011320542255445999
0.011320542255445999
0.011320542255445999
0.011320542255445999
0.011320542255445971
0.011320542255445971
0.011320542255445968
0.011320542255445971
0.011320542255445968
0.011320542255445968
0.011320542255445968
0.011320542255445968
0.011320542255445968
0.011320542255445968
0.011320542255445968
0.011320542255445968
0.011320542255445968
0.011320542255445968
0.011320542255445964
0.011320542255445964
0.011320542255445964
0.011320542255445964
0.011320542255445964
0.01132054225544596
0.01132054225544596
0.01132054225544596
0.01132054225544596
0.01132054225544596
0.01132054225544596
0.01132054225544596
0.01132054225544596
0.01132054225544596
0.01132054225544596
0.01132054225544596
0.01132054225544596
0.01132054225544596
0.011320542255445957
0.011320542255445957
0.011320542255445957
0.011320542255445957
0.011320542255445957
0.011320542255445957
0.011320542255445954
0.011320542255445954
0.011320542255445954
0.011320542255445954
0.011320542255445954
0.011320542255445954
0.011320542255445954
0.011320542255445954
0.011320542255445954
0.011320542255445954
0.011320542255445954
0.011320542255445954
0.01132054225544595
0.01132054225544595
0.01132054225544595
0.01132054225544595
0.01132054225544595
0.011320542255445947
0.011320542255445947
0.011320542255445947
0.011320542255445947
0.011320542255445947
0.011320542255445943
0.011320542255445943
0.011320542255445943
0.011320542255445943
0.011320542255445943
0.011320542255445943
0.011320542255445943
0.011320542255445943
0.011320542255445943
0.011320542255445943
0.011320542255445943
0.011320542255445943
0.01132054225544594
0.01132054225544594
0.01132054225544594
0.01132054225544594
0.01132054225544594
0.01132054225544594
0.01132054225544594
0.011320542255445936
0.011320542255445936
0.011320542255445936
0.011320542255445936
0.011320542255445936
0.011320542255445936
0.011320542255445936
0.011320542255445936
0.011320542255445936
0.011320542255445936
0.011320542255445933
0.011320542255445936
0.011320542255445933
0.011320542255445933
0.011320542255445933
0.011320542255445933
0.011320542255445933
0.011320542255445933
0.011320542255445933
0.011320542255445933
0.011320542255445933
0.01132054225544593
0.01132054225544593
0.01132054225544593
0.01132054225544593
0.01132054225544593
0.01132054225544593
0.011320542255445926
0.011320542255445926
0.011320542255445926
0.011320542255445926
0.011320542255445923
0.011320542255445923
0.011320542255445923
0.011320542255445923
0.011320542255445923
0.011320542255445923
0.011320542255445923
0.011320542255445923
0.011320542255445923
0.011320542255445923
0.011320542255445923
0.011320542255445919
0.011320542255445919
0.011320542255445919
0.011320542255445919
0.011320542255445919
0.011320542255445919
0.011320542255445916
0.011320542255445916
0.011320542255445916
0.011320542255445916
0.011320542255445916
0.011320542255445916
0.011320542255445916
0.011320542255445916
0.011320542255445916
0.011320542255445916
0.011320542255445916
0.011320542255445916
0.011320542255445916
0.011320542255445912
0.011320542255445912
0.011320542255445912
0.011320542255445912
0.011320542255445912
0.011320542255445912
0.011320542255445909
0.011320542255445909
0.011320542255445909
0.011320542255445909
0.011320542255445909
0.011320542255445909
0.011320542255445909
0.011320542255445909
0.011320542255445909
0.011320542255445909
0.011320542255445909
0.011320542255445905
0.011320542255445905
0.011320542255445905
0.011320542255445905
0.011320542255445905
0.011320542255445905
0.011320542255445902
0.011320542255445902
0.011320542255445902
0.011320542255445902
0.011320542255445902
0.011320542255445902
0.011320542255445902
0.011320542255445902
0.011320542255445902
0.011320542255445902
0.011320542255445898
0.011320542255445898
0.011320542255445898
0.011320542255445898
0.011320542255445898
0.011320542255445898
0.011320542255445898
0.011320542255445895
0.011320542255445895
0.011320542255445895
0.011320542255445895
0.011320542255445895
0.011320542255445895
0.011320542255445895
0.011320542255445895
0.011320542255445895
0.011320542255445891
0.011320542255445891
0.011320542255445895
0.011320542255445895
0.011320542255445891
0.011320542255445891
0.011320542255445891
0.011320542255445891
0.011320542255445888
0.011320542255445888
0.011320542255445888
0.011320542255445888
0.011320542255445888
0.011320542255445888
0.011320542255445888
0.011320542255445888
0.011320542255445888
0.011320542255445888
0.011320542255445888
0.011320542255445884
0.011320542255445884
0.011320542255445884
0.011320542255445884
0.011320542255445884
0.011320542255445884
0.011320542255445881
0.011320542255445884
0.011320542255445881
0.011320542255445881
0.011320542255445881
0.011320542255445881
0.011320542255445881
0.011320542255445881
0.011320542255445881
0.011320542255445881
0.011320542255445881
0.011320542255445881
0.011320542255445877
0.011320542255445877
0.011320542255445877
0.011320542255445874
0.011320542255445874
0.011320542255445874
0.011320542255445874
0.011320542255445874
0.011320542255445874
0.011320542255445874
0.011320542255445874
0.011320542255445874
0.011320542255445874
0.011320542255445874
0.011320542255445874
0.011320542255445874
0.011320542255445874
0.011320542255445874
0.01132054225544587
0.01132054225544587
0.01132054225544587
0.01132054225544587
0.011320542255445867
0.011320542255445867
0.011320542255445867
0.011320542255445867
0.011320542255445867
0.01132054225544587
0.01132054225544587
0.01132054225544587
0.01132054225544587
0.01132054225544587
0.01132054225544587
0.011320542255445867
0.011320542255445867
0.011320542255445867
0.011320542255445867
0.011320542255445864
0.011320542255445864
0.011320542255445864
0.011320542255445864
0.011320542255445864
0.011320542255445864
0.011320542255445864
0.011320542255445864
0.011320542255445864
0.011320542255445864
0.011320542255445864
0.011320542255445864
0.011320542255445864
0.011320542255445864
0.011320542255445864
0.011320542255445864
0.011320542255445864
0.011320542255445864
0.011320542255445864
0.011320542255445864
0.011320542255445864
0.011320542255445864
0.011320542255445864
0.011320542255445864
0.011320542255445864
0.011320542255445864
0.011320542255445864
0.011320542255445864
0.011320542255445864
0.011320542255445864
0.011320542255445864
0.011320542255445864
0.011320542255445864
0.011320542255445864
0.011320542255445864
0.011320542255445864
0.011320542255445864
0.011320542255445864
0.011320542255445864
0.011320542255445864
0.011320542255445864
0.011320542255445864
0.011320542255445864
0.011320542255445864
0.011320542255445864
0.011320542255445864
0.011320542255445864
0.011320542255445864
0.011320542255445864
0.011320542255445864
0.011320542255445864
0.011320542255445864
0.011320542255445864
0.011320542255445864
0.011320542255445864
0.011320542255445864
0.011320542255445864
0.011320542255445864
0.011320542255445864
0.011320542255445864
0.011320542255445864
0.011320542255445864
0.01132054225544586
0.01132054225544586
0.01132054225544586
0.01132054225544586
0.01132054225544586
0.01132054225544586
0.01132054225544586
0.01132054225544586
0.01132054225544586
0.01132054225544586
0.01132054225544586
0.01132054225544586
0.01132054225544586
0.01132054225544586
0.01132054225544586
0.01132054225544586
0.01132054225544586
0.01132054225544586
0.01132054225544586
0.01132054225544586
0.01132054225544586
0.01132054225544586
0.01132054225544586
0.01132054225544586
0.01132054225544586
0.01132054225544586
0.01132054225544586
0.01132054225544586
0.01132054225544586
0.01132054225544586
0.01132054225544586
0.01132054225544586
0.01132054225544586
0.01132054225544586
0.01132054225544586
0.01132054225544586
0.01132054225544586
0.01132054225544586
0.01132054225544586
0.01132054225544586
0.01132054225544586
0.01132054225544586
0.01132054225544586
0.01132054225544586
0.01132054225544586
0.01132054225544586
0.01132054225544586
0.01132054225544586
0.01132054225544586
0.01132054225544586
0.01132054225544586
0.01132054225544586
0.01132054225544586
0.01132054225544586
0.01132054225544586
0.01132054225544586
0.01132054225544586
0.01132054225544586
0.01132054225544586
0.01132054225544586
0.01132054225544586
0.01132054225544586
0.01132054225544586
0.01132054225544586
0.01132054225544586
0.01132054225544586
0.01132054225544586
0.01132054225544586
0.01132054225544586
0.01132054225544586
0.01132054225544586
0.01132054225544586
0.01132054225544586
0.01132054225544586
0.01132054225544586
0.01132054225544586
0.01132054225544586
0.01132054225544586
0.01132054225544586
0.01132054225544586
0.01132054225544586
0.01132054225544586
0.01132054225544586
0.011320542255445857
0.011320542255445857
0.011320542255445857
0.011320542255445857
0.01132054225544586
0.01132054225544586
0.01132054225544586
0.01132054225544586
0.01132054225544586
0.01132054225544586
0.01132054225544586
0.01132054225544586
0.01132054225544586
0.01132054225544586
0.01132054225544586
0.01132054225544586
0.01132054225544586
0.01132054225544586
0.01132054225544586
0.01132054225544586
0.01132054225544586
0.01132054225544586
0.01132054225544586
0.011320542255445857
0.011320542255445857
0.011320542255445857
0.011320542255445857
0.011320542255445857
0.011320542255445857
0.011320542255445857
0.011320542255445857
0.011320542255445857
0.011320542255445857
0.011320542255445857
0.011320542255445857
0.011320542255445857
0.011320542255445857
0.011320542255445857
0.011320542255445857
0.011320542255445857
0.011320542255445857
0.011320542255445857
0.011320542255445857
0.011320542255445857
0.011320542255445857
0.011320542255445857
0.011320542255445857
0.011320542255445857
0.011320542255445857
0.011320542255445857
0.011320542255445857
0.011320542255445857
0.011320542255445857
0.011320542255445857
0.011320542255445857
0.011320542255445857
0.011320542255445857
0.011320542255445857
0.011320542255445857
0.011320542255445857
0.011320542255445857
0.011320542255445857
0.011320542255445857
0.011320542255445857
0.011320542255445857
0.011320542255445857
0.011320542255445857
0.011320542255445857
0.011320542255445857
0.011320542255445857
0.011320542255445857
0.011320542255445857
0.011320542255445857
0.011320542255445857
0.011320542255445857
0.011320542255445857
0.011320542255445857
0.011320542255445857
0.011320542255445857
0.011320542255445857
0.011320542255445857
0.011320542255445857
0.011320542255445857
0.011320542255445857
0.011320542255445857
0.011320542255445857
0.011320542255445857
0.011320542255445857
0.011320542255445857
0.011320542255445857
0.011320542255445857
0.011320542255445857
0.011320542255445857
0.011320542255445857
0.011320542255445857
0.011320542255445857
0.011320542255445857
0.011320542255445857
0.011320542255445857
0.011320542255445857
0.011320542255445857
0.011320542255445857
0.011320542255445857
0.011320542255445857
0.011320542255445857
0.011320542255445857
0.011320542255445853
0.011320542255445853
0.011320542255445853
0.011320542255445853
0.011320542255445857
0.011320542255445857
0.011320542255445857
0.011320542255445857
0.011320542255445857
0.011320542255445857
0.011320542255445857
0.011320542255445857
0.011320542255445857
0.011320542255445857
0.011320542255445857
0.011320542255445857
0.011320542255445857
0.011320542255445857
0.011320542255445857
0.011320542255445857
0.011320542255445857
0.011320542255445857
0.011320542255445857
0.011320542255445853
0.011320542255445853
0.011320542255445853
0.011320542255445853
0.011320542255445853
0.011320542255445853
0.011320542255445853
0.011320542255445853
0.011320542255445853
0.011320542255445853
0.011320542255445853
0.011320542255445853
0.011320542255445853
0.011320542255445853
0.011320542255445853
0.011320542255445853
0.011320542255445853
0.011320542255445853
0.011320542255445853
0.011320542255445853
0.011320542255445853
0.011320542255445853
0.011320542255445853
0.011320542255445853
0.011320542255445853
0.011320542255445853
0.011320542255445853
0.011320542255445853
0.011320542255445853
0.011320542255445853
0.011320542255445853
0.011320542255445853
0.011320542255445853
0.011320542255445853
0.011320542255445853
0.011320542255445853
0.011320542255445853
0.011320542255445853
0.011320542255445853
0.011320542255445853
0.011320542255445853
0.011320542255445853
0.011320542255445853
0.011320542255445853
0.011320542255445853
0.011320542255445853
0.011320542255445853
0.011320542255445853
0.011320542255445853
0.011320542255445853
0.011320542255445853
0.011320542255445853
0.011320542255445853
0.011320542255445853
0.011320542255445853
0.011320542255445853
0.011320542255445853
0.011320542255445853
0.011320542255445853
0.011320542255445853
0.011320542255445853
0.011320542255445853
0.011320542255445853
0.011320542255445853
0.011320542255445853
0.011320542255445853
0.011320542255445853
0.011320542255445853
0.011320542255445853
0.011320542255445853
0.011320542255445853
0.011320542255445853
0.011320542255445853
0.011320542255445853
0.011320542255445853
0.011320542255445853
0.011320542255445853
0.011320542255445853
0.011320542255445853
0.011320542255445853
0.011320542255445853
0.011320542255445853
0.011320542255445853
0.011320542255445853
0.011320542255445853
0.011320542255445853
0.011320542255445853
0.01132054225544585
0.01132054225544585
0.01132054225544585
0.01132054225544585
0.01132054225544585
0.01132054225544585
0.01132054225544585
0.01132054225544585
0.01132054225544585
0.01132054225544585
0.01132054225544585
0.01132054225544585
0.01132054225544585
0.01132054225544585
0.01132054225544585
0.01132054225544585
0.01132054225544585
0.01132054225544585
0.01132054225544585
0.01132054225544585
0.01132054225544585
0.01132054225544585
0.01132054225544585
0.01132054225544585
0.01132054225544585
0.01132054225544585
0.01132054225544585
0.01132054225544585
0.01132054225544585
0.01132054225544585
0.01132054225544585
0.01132054225544585
0.01132054225544585
0.01132054225544585
0.01132054225544585
0.01132054225544585
0.01132054225544585
0.011320542255445851
0.011320542255445851
0.011320542255445851
0.011320542255445851
0.011320542255445851
0.011320542255445851
0.011320542255445851
0.011320542255445851
0.011320542255445851
0.011320542255445851
0.011320542255445851
0.011320542255445851
0.011320542255445851
0.011320542255445851
0.011320542255445851
0.011320542255445851
0.011320542255445851
0.011320542255445851
0.011320542255445851
0.011320542255445851
0.011320542255445851
0.011320542255445851
0.011320542255445851
0.011320542255445851
0.011320542255445851
0.011320542255445851
0.011320542255445851
0.011320542255445851
0.011320542255445851
0.011320542255445851
0.011320542255445851
0.011320542255445851
0.011320542255445851
0.011320542255445851
0.011320542255445851
0.011320542255445851
0.011320542255445851
0.011320542255445851
0.011320542255445851
0.011320542255445851
0.011320542255445851
0.011320542255445851
0.011320542255445851
0.011320542255445851
0.011320542255445851
0.011320542255445851
0.011320542255445851
0.011320542255445851
0.011320542255445851
0.011320542255445851
0.011320542255445851
0.011320542255445851
0.011320542255445851
0.011320542255445851
0.011320542255445851
0.011320542255445851
0.011320542255445851
0.011320542255445851
0.011320542255445851
0.011320542255445851
0.011320542255445851
0.011320542255445851
0.011320542255445851
0.011320542255445851
0.011320542255445851
0.011320542255445851
0.011320542255445851
0.011320542255445851
0.011320542255445851
0.011320542255445851
0.011320542255445851
0.011320542255445851
0.011320542255445851
0.011320542255445851
0.011320542255445851
0.011320542255445851
0.011320542255445851
0.011320542255445851
0.011320542255445851
0.011320542255445851
0.011320542255445851
0.011320542255445851
0.011320542255445851
0.011320542255445851
0.011320542255445851
0.011320542255445851
0.011320542255445851
0.011320542255445851
0.011320542255445851
0.011320542255445851
0.011320542255445851
0.011320542255445851
0.011320542255445851
0.011320542255445851
0.011320542255445851
0.011320542255445851
0.011320542255445851
0.011320542255445851
0.011320542255445851
0.011320542255445851
0.011320542255445851
0.011320542255445851
0.011320542255445851
0.011320542255445851
0.011320542255445851
0.011320542255445848
0.011320542255445848
0.011320542255445848
0.011320542255445848
0.011320542255445848
0.011320542255445848
0.011320542255445848
0.011320542255445848
0.011320542255445848
0.011320542255445848
0.011320542255445848
0.011320542255445848
0.011320542255445848
0.011320542255445848
0.011320542255445848
0.011320542255445848
0.011320542255445848
0.011320542255445848
0.011320542255445848
0.011320542255445848
0.011320542255445848
0.011320542255445848
0.011320542255445848
0.011320542255445848
0.011320542255445848
0.011320542255445848
0.011320542255445848
0.011320542255445848
0.011320542255445848
0.011320542255445848
0.011320542255445848
0.011320542255445848
0.011320542255445848
0.011320542255445848
0.011320542255445848
0.011320542255445848
0.011320542255445848
0.011320542255445848
0.011320542255445848
0.011320542255445848
0.011320542255445848
0.011320542255445848
0.011320542255445848
0.011320542255445848
0.011320542255445848
0.011320542255445848
0.011320542255445848
0.011320542255445848
0.011320542255445848
0.011320542255445848
0.011320542255445848
0.011320542255445848
0.011320542255445848
0.011320542255445848
0.011320542255445848
0.011320542255445848
0.011320542255445848
0.011320542255445848
0.011320542255445848
0.011320542255445848
0.011320542255445848
0.011320542255445848
0.011320542255445848
0.011320542255445848
0.011320542255445848
0.011320542255445848
0.011320542255445848
0.011320542255445848
0.011320542255445848
0.011320542255445848
0.011320542255445844
0.011320542255445844
0.011320542255445844
0.011320542255445844
0.011320542255445844
0.011320542255445844
0.011320542255445844
0.011320542255445844
0.011320542255445844
0.011320542255445844
0.011320542255445844
0.011320542255445844
0.011320542255445844
0.011320542255445844
0.011320542255445844
0.011320542255445844
0.011320542255445844
0.011320542255445844
0.011320542255445844
0.011320542255445844
0.011320542255445844
0.011320542255445844
0.011320542255445844
0.011320542255445844
0.011320542255445844
0.011320542255445844
0.011320542255445848
0.011320542255445848
0.011320542255445848
0.011320542255445848
0.011320542255445848
0.011320542255445848
0.011320542255445848
0.011320542255445848
0.011320542255445848
0.011320542255445848
0.011320542255445848
0.011320542255445848
0.011320542255445848
0.011320542255445848
0.011320542255445848
0.011320542255445848
0.011320542255445848
0.011320542255445844
0.011320542255445844
0.011320542255445844
0.011320542255445844
0.011320542255445844
0.011320542255445844
0.011320542255445844
0.011320542255445844
0.011320542255445844
0.011320542255445844
0.011320542255445844
0.011320542255445844
0.011320542255445844
0.011320542255445844
0.011320542255445844
0.011320542255445844
0.011320542255445844
0.011320542255445844
0.011320542255445844
0.011320542255445844
0.011320542255445844
0.011320542255445844
0.011320542255445844
0.011320542255445844
0.011320542255445844
0.011320542255445844
0.011320542255445844
0.011320542255445844
0.011320542255445844
0.011320542255445844
0.011320542255445844
0.011320542255445844
0.011320542255445844
0.011320542255445844
0.011320542255445844
0.011320542255445844
0.011320542255445844
0.011320542255445844
0.011320542255445844
0.011320542255445844
0.011320542255445844
0.011320542255445844
0.011320542255445844
0.011320542255445844
0.011320542255445844
0.011320542255445844
0.011320542255445844
0.011320542255445844
0.011320542255445844
0.011320542255445844
0.011320542255445844
0.011320542255445844
0.011320542255445844
0.011320542255445844
0.011320542255445844
0.011320542255445844
0.011320542255445844
0.011320542255445844
0.011320542255445844
0.011320542255445844
0.011320542255445844
0.011320542255445844
0.011320542255445844
0.011320542255445844
0.011320542255445844
0.011320542255445844
0.011320542255445844
0.011320542255445844
0.011320542255445844
0.011320542255445844
0.011320542255445844
0.011320542255445844
0.011320542255445844
0.011320542255445844
0.011320542255445844
0.011320542255445844
0.011320542255445844
0.011320542255445844
0.011320542255445844
0.011320542255445844
0.011320542255445844
0.011320542255445844
0.011320542255445844
0.011320542255445844
0.011320542255445844
0.011320542255445844
0.011320542255445844
0.011320542255445844
0.011320542255445844
0.011320542255445844
0.011320542255445844
0.011320542255445844
0.011320542255445844
0.011320542255445844
0.011320542255445844
0.011320542255445844
0.011320542255445844
0.011320542255445844
0.011320542255445844
0.011320542255445844
0.011320542255445844
0.011320542255445844
0.011320542255445844
0.011320542255445844
0.011320542255445844
0.011320542255445844
0.011320542255445841
0.011320542255445841
0.011320542255445841
0.011320542255445841
0.011320542255445841
0.011320542255445841
0.011320542255445841
0.011320542255445841
0.011320542255445841
0.011320542255445841
0.011320542255445841
0.011320542255445841
0.011320542255445841
0.011320542255445841
0.011320542255445841
0.011320542255445841
0.011320542255445841
0.011320542255445841
0.011320542255445841
0.011320542255445841
0.011320542255445841
0.011320542255445841
0.011320542255445841
0.011320542255445841
0.011320542255445841
0.011320542255445841
0.011320542255445841
0.011320542255445841
0.011320542255445841
0.011320542255445841
0.011320542255445841
0.011320542255445841
0.011320542255445841
0.011320542255445841
0.011320542255445841
0.011320542255445841
0.011320542255445841
0.011320542255445841
0.011320542255445841
0.011320542255445841
0.011320542255445841
0.011320542255445841
0.011320542255445841
0.011320542255445841
0.011320542255445841
0.011320542255445841
0.011320542255445841
0.011320542255445841
0.011320542255445841
0.011320542255445841
0.011320542255445841
0.011320542255445841
0.011320542255445841
0.011320542255445841
0.011320542255445841
0.011320542255445841
0.011320542255445841
0.011320542255445841
0.011320542255445841
0.011320542255445841
0.011320542255445841
0.011320542255445841
0.011320542255445841
0.011320542255445841
0.011320542255445841
0.011320542255445841
0.011320542255445841
0.011320542255445841
0.011320542255445841
0.011320542255445841
0.011320542255445841
0.011320542255445841
0.011320542255445841
0.011320542255445841
0.011320542255445841
0.011320542255445841
0.011320542255445841
0.011320542255445841
0.011320542255445841
0.011320542255445841
0.011320542255445838
0.011320542255445838
0.011320542255445838
0.011320542255445838
0.011320542255445838
0.011320542255445838
0.011320542255445838
0.011320542255445838
0.011320542255445838
0.011320542255445838
0.011320542255445838
0.011320542255445838
0.011320542255445838
0.011320542255445838
0.011320542255445838
0.011320542255445838
0.011320542255445838
0.011320542255445838
0.011320542255445838
0.011320542255445838
0.011320542255445838
0.011320542255445838
0.011320542255445838
0.011320542255445838
0.011320542255445838
0.011320542255445838
0.011320542255445838
0.011320542255445838
0.011320542255445838
0.011320542255445838
0.011320542255445838
0.011320542255445838
0.011320542255445838
0.011320542255445838
0.011320542255445838
0.011320542255445838
0.011320542255445838
0.011320542255445838
0.011320542255445838
0.011320542255445838
0.011320542255445838
0.011320542255445838
0.011320542255445838
0.011320542255445838
0.011320542255445838
0.011320542255445838
0.011320542255445838
0.011320542255445838
0.011320542255445838
0.011320542255445838
0.011320542255445838
0.011320542255445838
0.011320542255445838
0.011320542255445838
0.011320542255445838
0.011320542255445838
0.011320542255445838
0.011320542255445838
0.011320542255445838
0.011320542255445838
0.011320542255445838
0.011320542255445838
0.011320542255445838
0.011320542255445838
0.011320542255445838
0.011320542255445838
0.011320542255445838
0.011320542255445838
0.011320542255445838
0.011320542255445838
0.011320542255445838
0.011320542255445838
0.011320542255445838
0.011320542255445838
0.011320542255445838
0.011320542255445838
0.011320542255445838
0.011320542255445838
0.011320542255445838
0.011320542255445834
0.011320542255445834
0.011320542255445834
0.011320542255445834
0.011320542255445834
0.011320542255445834
0.011320542255445834
0.011320542255445834
0.011320542255445834
0.011320542255445834
0.011320542255445834
0.011320542255445834
0.011320542255445834
0.011320542255445834
0.011320542255445834
0.011320542255445834
0.011320542255445834
0.011320542255445834
0.011320542255445834
0.011320542255445834
0.011320542255445834
0.011320542255445834
0.011320542255445834
0.011320542255445834
0.011320542255445834
0.011320542255445834
0.011320542255445834
0.011320542255445834
0.011320542255445834
0.011320542255445834
0.011320542255445834
0.011320542255445834
0.011320542255445834
0.011320542255445834
0.011320542255445834
0.011320542255445834
0.011320542255445834
0.011320542255445834
0.011320542255445834
0.011320542255445834
0.011320542255445834
0.011320542255445834
0.011320542255445834
0.011320542255445834
0.011320542255445834
0.011320542255445834
0.011320542255445834
0.011320542255445834
0.011320542255445834
0.011320542255445834
0.011320542255445834
0.011320542255445834
0.011320542255445834
0.011320542255445834
0.011320542255445834
0.011320542255445834
0.011320542255445834
0.011320542255445834
0.011320542255445834
0.011320542255445834
0.011320542255445834
0.011320542255445834
0.011320542255445834
0.011320542255445834
0.011320542255445834
0.011320542255445834
0.011320542255445834
0.011320542255445834
0.011320542255445834
0.011320542255445834
0.011320542255445834
0.011320542255445834
0.011320542255445834
0.011320542255445834
0.011320542255445834
0.011320542255445834
0.011320542255445834
0.011320542255445834
0.011320542255445834
0.011320542255445834
0.01132054225544583
0.01132054225544583
0.01132054225544583
0.01132054225544583
0.01132054225544583
0.01132054225544583
0.01132054225544583
0.01132054225544583
0.01132054225544583
0.01132054225544583
0.01132054225544583
0.01132054225544583
0.01132054225544583
0.01132054225544583
0.01132054225544583
0.01132054225544583
0.01132054225544583
0.01132054225544583
0.01132054225544583
0.01132054225544583
0.01132054225544583
0.01132054225544583
0.01132054225544583
0.01132054225544583
0.01132054225544583
0.01132054225544583
0.01132054225544583
0.01132054225544583
0.01132054225544583
0.01132054225544583
0.01132054225544583
0.01132054225544583
0.01132054225544583
0.01132054225544583
0.01132054225544583
0.01132054225544583
0.01132054225544583
0.01132054225544583
0.01132054225544583
0.01132054225544583
0.01132054225544583
0.01132054225544583
0.01132054225544583
0.01132054225544583
0.01132054225544583
0.01132054225544583
0.01132054225544583
0.01132054225544583
0.01132054225544583
0.01132054225544583
0.01132054225544583
0.01132054225544583
0.01132054225544583
0.01132054225544583
0.01132054225544583
0.01132054225544583
0.01132054225544583
0.01132054225544583
0.01132054225544583
0.01132054225544583
0.01132054225544583
0.01132054225544583
0.01132054225544583
0.01132054225544583
0.01132054225544583
0.01132054225544583
0.01132054225544583
0.01132054225544583
0.01132054225544583
0.01132054225544583
0.01132054225544583
0.01132054225544583
0.01132054225544583
0.01132054225544583
0.01132054225544583
0.01132054225544583
0.01132054225544583
0.01132054225544583
0.01132054225544583
0.01132054225544583
0.01132054225544583
0.01132054225544583
0.01132054225544583
0.01132054225544583
0.01132054225544583
0.011320542255445827
0.011320542255445827
0.011320542255445827
0.011320542255445827
0.01132054225544583
0.01132054225544583
0.011320542255445827
0.011320542255445827
0.011320542255445827
0.011320542255445827
0.011320542255445827
0.011320542255445827
0.011320542255445827
0.011320542255445827
0.011320542255445827
0.011320542255445827
0.011320542255445827
0.011320542255445827
0.011320542255445827
0.011320542255445827
0.011320542255445827
0.011320542255445827
0.011320542255445827
0.011320542255445827
0.011320542255445827
0.011320542255445827
0.011320542255445827
0.011320542255445827
0.011320542255445827
0.011320542255445827
0.011320542255445827
0.011320542255445827
0.011320542255445827
0.011320542255445827
0.011320542255445827
0.011320542255445827
0.011320542255445827
0.011320542255445827
0.011320542255445827
0.011320542255445827
0.011320542255445827
0.011320542255445827
0.011320542255445827
0.011320542255445827
0.011320542255445827
0.011320542255445827
0.011320542255445827
0.011320542255445827
0.011320542255445827
0.011320542255445827
0.011320542255445827
0.011320542255445827
0.011320542255445827
0.011320542255445827
0.011320542255445827
0.011320542255445827
0.011320542255445827
0.011320542255445827
0.011320542255445827
0.011320542255445827
0.011320542255445827
0.011320542255445827
0.011320542255445827
0.011320542255445827
0.011320542255445827
0.011320542255445827
0.011320542255445827
0.011320542255445827
0.011320542255445827
0.011320542255445827
0.011320542255445827
0.011320542255445827
0.011320542255445827
0.011320542255445827
0.011320542255445827
0.011320542255445827
0.011320542255445827
0.011320542255445827
0.011320542255445827
0.011320542255445827
0.011320542255445827
0.011320542255445827
0.011320542255445827
0.011320542255445827
0.011320542255445827
0.011320542255445827
0.011320542255445827
0.011320542255445827
0.011320542255445827
0.011320542255445827
0.011320542255445827
0.011320542255445827
0.011320542255445827
0.011320542255445827
0.011320542255445827
0.011320542255445827
0.011320542255445827
0.011320542255445827
0.011320542255445827
0.011320542255445827
0.011320542255445827
0.011320542255445827
0.011320542255445827
0.011320542255445827
0.011320542255445827
0.011320542255445827
0.011320542255445824
0.011320542255445824
0.011320542255445824
0.011320542255445824
0.011320542255445827
0.011320542255445827
0.011320542255445827
0.011320542255445827
0.011320542255445827
0.011320542255445827
0.011320542255445827
0.011320542255445827
0.011320542255445827
0.011320542255445827
0.011320542255445827
0.011320542255445827
0.011320542255445827
0.011320542255445824
0.011320542255445824
0.011320542255445824
0.011320542255445824
0.011320542255445824
0.011320542255445824
0.011320542255445824
0.011320542255445824
0.011320542255445824
0.011320542255445824
0.011320542255445824
0.011320542255445824
0.011320542255445824
0.011320542255445824
0.011320542255445824
0.011320542255445824
0.011320542255445824
0.011320542255445824
0.011320542255445824
0.011320542255445824
0.011320542255445824
0.011320542255445824
0.011320542255445824
0.011320542255445824
0.011320542255445824
0.011320542255445824
0.011320542255445824
0.011320542255445824
0.011320542255445824
0.011320542255445824
0.011320542255445824
0.011320542255445824
0.011320542255445824
0.011320542255445824
0.011320542255445824
0.011320542255445824
0.011320542255445824
0.011320542255445824
0.011320542255445824
0.011320542255445824
0.011320542255445824
0.011320542255445824
0.011320542255445824
0.011320542255445824
0.011320542255445824
0.011320542255445824
0.011320542255445824
0.011320542255445824
0.011320542255445824
0.011320542255445824
0.011320542255445824
0.011320542255445824
0.011320542255445824
0.011320542255445824
0.011320542255445824
0.011320542255445824
0.011320542255445824
0.011320542255445824
0.011320542255445824
0.011320542255445824
0.011320542255445824
0.011320542255445824
0.011320542255445824
0.011320542255445824
0.011320542255445824
0.011320542255445824
0.011320542255445824
0.011320542255445824
0.011320542255445824
0.011320542255445824
0.011320542255445824
0.011320542255445824
0.011320542255445824
0.011320542255445824
0.011320542255445824
0.011320542255445824
0.011320542255445824
0.011320542255445824
0.011320542255445824
0.011320542255445824
0.011320542255445824
0.011320542255445824
0.011320542255445824
0.01132054225544582
0.01132054225544582
0.01132054225544582
0.01132054225544582
0.01132054225544582
0.01132054225544582
0.01132054225544582
0.01132054225544582
0.01132054225544582
0.01132054225544582
0.01132054225544582
0.01132054225544582
0.01132054225544582
0.01132054225544582
0.01132054225544582
0.01132054225544582
0.01132054225544582
0.01132054225544582
0.01132054225544582
0.01132054225544582
0.01132054225544582
0.01132054225544582
0.01132054225544582
0.01132054225544582
0.01132054225544582
0.01132054225544582
0.01132054225544582
0.01132054225544582
0.01132054225544582
0.01132054225544582
0.01132054225544582
0.01132054225544582
0.01132054225544582
0.01132054225544582
0.01132054225544582
0.01132054225544582
0.01132054225544582
0.01132054225544582
0.01132054225544582
0.01132054225544582
0.01132054225544582
0.01132054225544582
0.01132054225544582
0.01132054225544582
0.01132054225544582
0.01132054225544582
0.01132054225544582
0.01132054225544582
0.01132054225544582
0.01132054225544582
0.01132054225544582
0.01132054225544582
0.01132054225544582
0.01132054225544582
0.01132054225544582
0.01132054225544582
0.01132054225544582
0.01132054225544582
0.01132054225544582
0.01132054225544582
0.01132054225544582
0.01132054225544582
0.01132054225544582
0.01132054225544582
0.01132054225544582
0.01132054225544582
0.01132054225544582
0.01132054225544582
0.01132054225544582
0.01132054225544582
0.01132054225544582
0.01132054225544582
0.01132054225544582
0.01132054225544582
0.01132054225544582
0.01132054225544582
0.01132054225544582
0.01132054225544582
0.01132054225544582
0.01132054225544582
0.01132054225544582
0.01132054225544582
0.01132054225544582
0.01132054225544582
0.01132054225544582
0.01132054225544582
0.01132054225544582
0.01132054225544582
0.01132054225544582
0.01132054225544582
0.01132054225544582
0.01132054225544582
0.01132054225544582
0.01132054225544582
0.01132054225544582
0.01132054225544582
0.01132054225544582
0.01132054225544582
0.01132054225544582
0.01132054225544582
0.01132054225544582
0.01132054225544582
0.01132054225544582
0.01132054225544582
0.01132054225544582
0.01132054225544582
0.01132054225544582
0.01132054225544582
0.01132054225544582
0.01132054225544582
0.01132054225544582
0.01132054225544582
0.011320542255445817
0.011320542255445817
0.011320542255445817
0.011320542255445817
0.011320542255445817
0.011320542255445817
0.011320542255445817
0.011320542255445817
0.011320542255445817
0.011320542255445817
0.011320542255445817
0.011320542255445817
0.011320542255445817
0.011320542255445817
0.011320542255445817
0.011320542255445817
0.011320542255445817
0.011320542255445817
0.011320542255445817
0.011320542255445817
0.011320542255445817
0.011320542255445817
0.011320542255445817
0.011320542255445817
0.011320542255445817
0.011320542255445817
0.011320542255445817
0.011320542255445817
0.011320542255445817
0.011320542255445817
0.011320542255445817
0.011320542255445817
0.011320542255445817
0.011320542255445817
0.011320542255445817
0.011320542255445817
0.011320542255445817
0.011320542255445817
0.011320542255445817
0.011320542255445817
0.011320542255445817
0.011320542255445817
0.011320542255445817
0.011320542255445817
0.011320542255445817
0.011320542255445817
0.011320542255445817
0.011320542255445817
0.011320542255445817
0.011320542255445817
0.011320542255445817
0.011320542255445817
0.011320542255445817
0.011320542255445817
0.011320542255445817
0.011320542255445817
0.011320542255445817
0.011320542255445817
0.011320542255445817
0.011320542255445817
0.011320542255445817
0.011320542255445817
0.011320542255445817
0.011320542255445817
0.011320542255445817
0.011320542255445817
0.011320542255445817
0.011320542255445817
0.011320542255445817
0.011320542255445817
0.011320542255445817
0.011320542255445817
0.011320542255445817
0.011320542255445817
0.011320542255445817
0.011320542255445817
0.011320542255445817
0.011320542255445817
0.011320542255445817
0.011320542255445817
0.011320542255445817
0.011320542255445817
0.011320542255445817
0.011320542255445817
0.011320542255445817
0.011320542255445817
0.011320542255445817
0.011320542255445817
0.011320542255445817
0.011320542255445817
0.011320542255445817
0.011320542255445817
0.011320542255445817
0.011320542255445817
0.011320542255445817
0.011320542255445817
0.011320542255445817
0.011320542255445817
0.011320542255445817
0.011320542255445817
0.011320542255445817
0.011320542255445817
0.011320542255445817
0.011320542255445817
0.011320542255445817
0.011320542255445817
0.011320542255445817
0.011320542255445817
0.011320542255445817
0.011320542255445817
0.011320542255445817
0.011320542255445817
0.011320542255445817
0.011320542255445817
0.011320542255445817
0.011320542255445817
0.011320542255445817
0.011320542255445817
0.011320542255445817
0.011320542255445817
0.011320542255445817
0.011320542255445817
0.011320542255445817
0.011320542255445817
0.011320542255445817
0.011320542255445817
0.011320542255445817
0.011320542255445813
0.011320542255445813
0.011320542255445813
0.011320542255445813
0.011320542255445813
0.011320542255445813
0.011320542255445813
0.011320542255445813
0.011320542255445813
0.011320542255445813
0.011320542255445813
0.011320542255445813
0.011320542255445813
0.011320542255445813
0.011320542255445813
0.011320542255445813
0.011320542255445813
0.011320542255445813
0.011320542255445813
0.011320542255445813
0.011320542255445813
0.011320542255445813
0.011320542255445813
0.011320542255445813
0.011320542255445813
0.011320542255445813
0.011320542255445813
0.011320542255445813
0.011320542255445813
0.011320542255445813
0.011320542255445813
0.011320542255445813
0.011320542255445813
0.011320542255445813
0.011320542255445813
0.011320542255445813
0.011320542255445813
0.011320542255445813
0.011320542255445813
0.011320542255445813
0.011320542255445813
0.011320542255445813
0.011320542255445813
0.011320542255445813
0.011320542255445813
0.011320542255445813
0.011320542255445813
0.011320542255445813
0.011320542255445813
0.011320542255445813
0.011320542255445813
0.011320542255445813
0.011320542255445813
0.011320542255445813
0.011320542255445813
0.011320542255445813
0.011320542255445813
0.011320542255445813
0.011320542255445813
0.011320542255445813
0.011320542255445813
0.011320542255445813
0.011320542255445813
0.011320542255445813
0.011320542255445813
0.011320542255445813
0.011320542255445813
0.011320542255445813
0.011320542255445813
0.011320542255445813
0.011320542255445813
0.011320542255445813
0.011320542255445813
0.011320542255445813
0.011320542255445813
0.011320542255445813
0.011320542255445813
0.011320542255445813
0.011320542255445813
0.011320542255445813
0.011320542255445813
0.011320542255445813
0.011320542255445813
0.011320542255445813
0.011320542255445813
0.011320542255445813
0.011320542255445813
0.011320542255445813
0.011320542255445813
0.01132054225544581
0.01132054225544581
0.01132054225544581
0.01132054225544581
0.01132054225544581
0.01132054225544581
0.01132054225544581
0.01132054225544581
0.01132054225544581
0.01132054225544581
0.01132054225544581
0.01132054225544581
0.01132054225544581
0.01132054225544581
0.01132054225544581
0.01132054225544581
0.01132054225544581
0.011320542255445813
0.011320542255445813
0.011320542255445813
0.011320542255445813
0.011320542255445813
0.011320542255445813
0.011320542255445813
0.011320542255445813
0.011320542255445813
0.011320542255445813
0.011320542255445813
0.011320542255445813
0.011320542255445813
0.011320542255445813
0.011320542255445813
0.011320542255445813
0.011320542255445813
0.011320542255445813
0.011320542255445813
0.01132054225544581
0.01132054225544581
0.01132054225544581
0.01132054225544581
0.01132054225544581
0.01132054225544581
0.01132054225544581
0.011320542255445813
0.011320542255445813
0.011320542255445813
0.011320542255445813
0.011320542255445813
0.011320542255445813
0.01132054225544581
0.01132054225544581
0.01132054225544581
0.01132054225544581
0.01132054225544581
0.01132054225544581
0.01132054225544581
0.01132054225544581
0.01132054225544581
0.01132054225544581
0.01132054225544581
0.01132054225544581
0.01132054225544581
0.01132054225544581
0.01132054225544581
0.01132054225544581
0.01132054225544581
0.01132054225544581
0.01132054225544581
0.01132054225544581
0.01132054225544581
0.01132054225544581
0.01132054225544581
0.01132054225544581
0.01132054225544581
0.01132054225544581
0.01132054225544581
0.01132054225544581
0.01132054225544581
0.01132054225544581
0.01132054225544581
0.01132054225544581
0.01132054225544581
0.01132054225544581
0.01132054225544581
0.01132054225544581
0.01132054225544581
0.01132054225544581
0.01132054225544581
0.01132054225544581
0.01132054225544581
0.01132054225544581
0.01132054225544581
0.01132054225544581
0.01132054225544581
0.01132054225544581
0.01132054225544581
0.01132054225544581
0.01132054225544581
0.01132054225544581
0.01132054225544581
0.01132054225544581
0.01132054225544581
0.01132054225544581
0.01132054225544581
0.01132054225544581
0.01132054225544581
0.01132054225544581
0.01132054225544581
0.01132054225544581
0.01132054225544581
0.01132054225544581
0.01132054225544581
0.01132054225544581
0.01132054225544581
0.01132054225544581
0.01132054225544581
0.01132054225544581
0.01132054225544581
0.01132054225544581
0.01132054225544581
0.01132054225544581
0.01132054225544581
0.01132054225544581
0.011320542255445806
0.011320542255445806
0.011320542255445806
0.011320542255445806
0.011320542255445806
0.011320542255445806
0.011320542255445806
0.011320542255445806
0.011320542255445806
0.011320542255445806
0.011320542255445806
